paper_id,study_id,study_ids,method,paper_folder,Year of data,Duration of experiment,Experimental design,Sowing date 1,Sowing date 2,Harvest date 1,Harvest date 2,TND,Lat,Lon,Continent,Crop species 1,Crop species 2,Crop type 1,Crop type 2,Fodder crop 1,Fodder crop 2,Intercropping pattern,Density ic 1,Density ic 2,Density sc 1,Density sc 2,RDT,N input SC1,N input SC2,N input IC1,N input IC2,N total in IC,N Unit,Replications SC1,Replications SC2,Replications IC1,Replications IC2,Data source,unified yield sc 1,unified yield sc 2,unified yield ic 1,unified yield ic 2,Yield unit,PLER 1,PLER 2,LER
014_Corre_Hellou_2006_Interspecific_competition_for_so,14,14,mas,Corre-Hellou 2006 Interspecific competition for soil N and its interaction with N-2 fixation,,,,,,,,,,,,,,,,,,,,,,,,,,,,,,,,,,,,,,,,,,
